120
1276
96 107
86 5
21 66
42 34
17 72
12 10
88 0
56 93
27 67
76 86
53 10
60 3
107 36
37 69
82 71
26 46
2 66
40 12
64 19
53 76
33 36
31 27
111 94
89 2
95 98
89 38
45 39
4 52
0 19
32 112
16 68
104 66
88 56
96 110
102 90
95 3
24 117
23 1
32 90
60 77
115 78
115 118
9 119
101 103
25 50
116 18
37 3
103 97
52 85
48 75
106 77
14 111
39 65
76 13
107 58
28 73
108 67
28 38
118 63
112 26
74 82
93 46
12 86
106 95
3 60
0 61
58 65
79 88
57 115
4 0
72 103
37 115
87 88
95 61
21 102
39 80
2 90
105 115
98 106
31 78
69 50
39 44
19 56
117 119
63 9
79 34
5 86
48 3
24 82
65 73
52 14
10 53
86 12
46 112
51 28
65 6
117 20
40 54
19 56
53 13
98 49
52 72
39 106
62 106
6 119
42 18
82 20
87 26
52 103
28 94
17 83
69 78
54 1
92 33
26 17
69 57
24 27
19 112
31 35
85 79
62 98
100 84
69 63
12 40
31 68
30 57
92 17
104 89
110 67
4 0
81 65
35 110
49 62
109 60
65 80
105 92
47 9
15 0
96 116
99 52
2 21
55 83
93 116
53 29
117 74
93 117
56 61
90 43
112 93
1 91
56 112
89 90
5 13
41 66
103 85
70 118
24 9
43 22
5 91
84 100
3 49
35 9
17 7
82 9
115 8
30 16
34 11
37 4
81 65
75 57
93 50
63 35
61 113
76 59
66 102
51 107
8 68
13 10
78 68
72 107
5 40
76 53
24 6
59 5
71 33
57 109
19 88
75 108
81 113
52 103
49 48
28 11
20 47
99 70
105 37
37 3
9 82
14 0
52 17
101 11
71 25
68 32
100 98
119 82
42 116
116 34
24 27
66 90
101 45
63 83
109 57
95 77
37 32
107 111
8 118
96 107
29 40
117 93
94 28
51 58
44 99
114 57
10 13
87 55
118 80
66 43
66 2
93 15
31 84
27 57
0 112
23 13
115 32
68 100
85 79
9 34
51 97
2 89
78 30
102 62
42 110
71 55
27 6
114 110
112 0
89 43
112 79
65 58
94 111
118 8
117 47
94 64
93 0
37 26
117 9
87 14
21 104
75 33
19 93
44 51
83 3
20 9
119 27
41 90
16 33
114 68
87 11
72 7
29 53
57 114
44 80
5 40
119 27
23 53
25 4
16 41
40 10
65 44
32 109
105 41
39 44
50 30
6 50
68 100
18 11
97 90
82 6
32 30
70 80
7 97
111 28
15 26
14 107
88 58
78 75
64 28
60 48
100 57
20 74
62 95
100 115
106 49
57 100
116 96
78 16
14 36
2 99
78 31
11 67
69 37
113 31
56 36
32 68
94 65
22 42
101 116
99 87
23 59
4 75
70 72
30 69
72 85
0 56
59 86
19 93
52 7
6 47
28 18
18 34
96 71
48 95
0 56
10 29
50 8
85 7
103 99
12 5
12 59
47 74
11 96
43 75
6 9
21 73
99 51
88 61
4 31
55 19
22 37
24 49
116 93
81 80
87 66
35 97
106 60
101 45
32 50
101 18
6 50
37 7
100 16
19 0
45 103
36 111
72 87
22 34
88 15
109 31
39 106
43 87
69 30
114 2
1 53
91 76
74 82
82 71
119 74
55 67
15 0
6 20
20 24
111 38
110 68
0 20
43 104
50 25
54 12
14 36
81 73
61 79
10 54
30 24
103 7
51 58
2 70
32 37
32 115
60 49
107 72
69 78
99 52
30 109
8 50
17 99
69 115
22 18
66 90
43 96
65 39
8 32
42 104
45 110
90 104
48 62
89 41
36 103
17 72
100 8
61 93
99 7
73 80
101 96
13 12
76 92
94 14
4 37
17 26
28 64
18 113
85 7
58 64
53 12
103 97
46 112
83 3
18 79
17 19
45 7
99 97
98 49
0 79
101 113
56 36
49 24
86 40
28 51
21 89
33 87
32 50
91 23
118 45
76 23
80 45
51 72
92 62
77 98
22 96
50 93
106 3
12 5
72 7
27 74
2 102
84 31
62 3
14 51
67 57
26 37
98 84
16 8
87 78
70 85
15 56
90 102
112 48
10 29
40 59
25 33
111 104
19 79
30 105
11 42
116 44
109 106
7 70
60 106
48 84
71 25
113 31
58 22
4 84
108 71
104 66
32 112
45 81
39 80
74 9
98 48
105 50
81 85
55 75
29 76
64 26
13 76
29 92
40 1
13 5
91 29
27 16
89 18
6 119
15 79
58 107
59 23
109 115
80 37
18 42
54 5
103 81
55 4
62 92
65 6
98 100
92 76
111 52
79 88
31 100
107 36
45 44
116 11
24 119
64 75
34 101
22 18
99 70
11 34
23 29
117 82
119 63
14 38
94 36
78 115
6 24
47 20
114 31
65 118
109 50
14 107
48 95
15 88
79 93
108 67
19 112
73 118
53 91
76 12
5 54
69 57
60 49
3 95
89 41
56 112
73 81
96 110
46 88
106 109
33 108
35 114
17 85
113 114
50 109
25 63
59 13
107 28
86 13
61 56
107 94
22 94
63 35
79 34
53 1
117 119
72 99
96 11
57 8
41 66
20 9
59 54
24 119
15 61
101 18
64 58
81 117
63 6
113 63
33 71
82 47
46 88
23 76
59 76
105 62
9 117
101 34
63 25
70 2
67 110
37 57
108 25
87 71
48 75
90 32
29 1
57 105
83 47
93 79
100 114
110 90
67 71
103 66
33 15
20 82
85 52
48 35
113 114
92 83
91 29
21 102
78 27
47 6
84 98
81 113
81 117
59 40
103 81
103 45
30 2
65 67
16 100
94 58
117 24
84 74
24 9
96 42
71 55
104 90
60 98
48 3
74 84
17 99
70 85
86 91
22 101
13 23
55 108
113 47
99 87
33 15
1 76
43 21
105 92
5 10
43 22
14 64
17 7
76 1
73 39
25 33
11 18
32 8
44 65
67 65
94 26
59 86
39 45
79 112
107 112
118 81
47 83
98 3
68 8
21 89
100 109
49 3
2 41
79 18
106 48
56 46
72 39
20 119
3 11
35 97
67 100
34 88
38 36
44 45
71 96
111 104
25 108
25 4
109 115
113 63
109 69
42 69
65 118
105 33
119 20
56 106
63 69
118 45
58 38
67 100
26 46
95 106
102 2
64 111
43 104
32 109
58 14
78 87
58 111
62 60
114 100
88 61
26 15
85 81
44 99
42 69
61 113
24 20
102 89
40 13
81 80
72 51
90 41
87 66
27 31
66 89
19 61
58 46
82 119
19 79
111 107
53 13
26 112
17 70
41 104
116 22
98 62
80 73
63 119
33 87
9 35
56 106
20 0
7 52
8 100
59 13
19 61
11 87
51 99
31 77
75 108
14 51
51 36
104 102
52 70
44 81
55 75
57 8
24 30
27 108
86 54
36 38
16 33
33 4
90 110
95 92
94 64
102 61
4 31
3 98
27 16
88 87
74 20
68 78
85 44
103 85
30 78
16 32
45 81
49 77
109 30
25 15
108 77
4 71
61 95
1 29
11 22
61 46
91 25
45 110
98 60
101 103
73 21
79 0
89 90
118 39
103 36
48 35
83 92
72 85
103 70
6 74
79 61
102 62
14 38
96 34
86 10
105 115
26 75
22 101
116 42
98 95
44 85
96 43
80 37
107 51
23 5
50 105
38 58
73 44
64 33
14 65
57 115
39 81
63 118
41 16
44 118
104 102
8 115
78 77
14 65
83 55
54 86
47 24
115 37
34 22
68 67
87 14
3 84
46 79
92 55
99 7
105 109
3 84
8 69
111 28
56 15
69 115
103 66
47 117
56 22
49 95
60 77
15 61
81 39
31 114
55 108
64 38
52 111
49 50
101 42
42 34
64 26
84 108
97 52
54 59
117 74
69 109
21 90
15 79
109 100
42 101
36 58
85 97
10 54
101 96
36 64
33 92
114 110
116 22
64 38
83 17
61 46
91 1
62 49
1 23
21 66
84 4
11 22
8 69
60 84
75 71
30 2
104 2
101 113
50 30
104 116
47 119
118 81
78 27
75 25
64 14
62 60
117 6
106 49
16 78
76 29
48 108
54 40
102 41
72 103
103 99
75 71
32 105
22 58
77 78
0 61
70 97
55 33
117 20
36 58
26 87
45 73
112 88
111 14
89 38
25 92
6 74
43 21
44 73
37 7
87 43
27 88
83 26
108 27
67 57
45 73
87 71
30 105
18 113
35 115
44 80
86 40
24 74
64 36
91 25
51 97
70 52
60 48
77 108
96 18
95 60
33 75
15 46
92 29
102 66
18 28
71 67
35 31
38 116
33 4
102 61
42 96
10 59
36 51
4 55
17 19
27 67
94 51
12 76
89 66
47 74
32 105
20 6
29 12
6 82
48 84
4 75
32 30
64 15
10 59
27 88
21 90
115 93
38 97
38 21
67 68
78 75
18 34
75 25
107 112
92 25
71 108
108 48
5 1
55 87
92 17
55 92
48 112
46 19
104 2
97 17
22 94
52 72
42 11
71 4
104 89
55 33
87 72
88 112
19 64
41 21
54 12
57 105
75 57
50 37
44 118
114 16
110 42
113 47
42 104
51 38
77 106
80 118
69 50
37 50
37 105
41 104
61 93
47 82
74 24
110 68
102 43
28 107
118 70
41 102
91 76
105 41
37 8
34 96
116 18
6 9
9 47
54 29
2 43
102 16
38 97
119 9
11 101
71 26
38 51
64 15
19 66
74 9
29 12
70 97
49 50
60 18
2 114
116 101
116 104
3 11
95 60
16 8
82 24
23 29
38 21
27 6
115 93
62 105
91 59
111 99
106 62
48 106
44 81
73 65
93 15
59 12
106 98
10 12
54 13
6 117
40 13
57 30
29 54
30 8
100 115
8 37
90 2
59 91
103 7
31 68
23 91
108 84
100 31
108 119
55 25
40 10
13 86
26 22
99 111
19 46
107 64
85 99
40 29
51 44
41 43
44 116
18 89
16 68
41 21
10 86
16 30
24 47
10 5
77 98
91 5
52 17
94 36
7 45
118 73
25 15
28 36
2 41
110 35
80 45
63 83
94 14
56 88
49 48
58 46
15 112
53 23
80 70
25 55
64 75
14 0
1 5
17 70
57 37
26 71
70 103
112 93
45 65
92 95
106 3
58 111
49 77
102 43
16 32
77 31
17 97
22 26
28 36
118 39
118 115
57 27
14 52
72 39
47 119
1 54
53 91
59 5
0 88
37 22
36 111
7 70
114 16
43 41
109 60
34 116
98 48
35 114
9 63
109 31
3 62
83 26
28 11
72 70
99 97
39 73
108 33
53 12
74 119
89 43
110 97
94 26
54 13
1 40
56 22
27 74
58 94
96 18
58 14
85 97
104 21
94 51
78 84
96 22
48 62
26 75
119 108
46 56
46 79
66 43
102 89
64 111
116 38
15 46
86 91
49 95
19 88
4 52
65 80
65 45
85 17
94 65
75 43
95 77
95 62
38 111
115 35
105 109
23 5
11 116
30 8
66 19
78 84
67 55
73 28
97 90
63 6
21 2
58 88
52 97
94 107
19 55
13 12
64 33
0 93
107 64
42 22
76 86
15 112
11 67
84 60
77 84
34 88
97 7
33 105
93 46
84 77
56 93
18 60
2 43
43 90
28 38
99 72
102 16
34 9
99 2
114 68
36 33
82 117
85 99
97 110
