121
986
30 76
36 45
98 85
16 66
83 92
60 45
20 12
49 87
50 72
8 84
97 111
54 35
116 93
112 72
54 25
26 112
97 77
66 23
53 39
76 65
64 13
53 24
39 33
101 78
119 69
21 71
68 72
13 25
11 45
41 57
75 17
96 91
113 15
41 88
8 35
9 14
97 88
85 53
75 61
116 76
1 85
15 18
110 3
2 13
7 91
119 113
84 55
113 64
99 36
8 18
109 58
21 37
4 0
93 108
68 22
29 111
114 93
107 106
57 46
16 54
47 54
81 27
84 103
48 29
64 50
41 109
50 65
66 69
79 21
109 18
25 91
30 32
5 9
116 62
118 109
72 116
44 63
23 75
79 25
40 109
53 105
113 43
79 37
32 91
7 52
30 62
57 31
33 88
64 25
12 78
92 72
13 32
32 38
17 42
71 10
114 37
115 108
79 110
3 80
114 17
10 92
106 1
18 116
13 68
56 31
43 79
117 90
78 118
15 104
72 58
21 7
106 75
43 106
32 89
103 67
9 80
18 107
40 12
59 48
104 57
69 48
96 40
79 55
14 114
59 68
89 77
17 71
45 34
21 108
79 6
21 57
103 16
22 8
81 41
25 1
83 66
31 119
10 101
95 64
91 103
115 9
47 80
51 83
50 49
11 92
68 75
117 85
52 73
101 7
83 5
3 118
116 104
4 82
8 6
69 7
63 65
70 101
101 39
103 2
114 26
20 96
15 81
8 52
98 13
54 42
96 2
89 31
110 83
55 95
73 92
61 33
71 44
12 72
25 56
28 114
117 76
26 39
95 54
105 104
94 20
45 112
52 75
115 14
34 20
100 116
63 46
87 29
14 27
62 96
34 60
37 24
78 43
1 24
71 62
47 104
9 94
106 39
7 2
48 86
2 20
97 6
19 88
81 69
24 114
99 29
93 40
16 43
29 55
88 53
9 58
86 64
33 57
59 65
112 38
55 5
119 98
18 16
29 95
82 27
57 95
92 22
116 92
16 96
75 36
88 89
26 10
47 44
48 73
52 51
94 100
70 81
19 49
89 102
100 43
93 87
78 38
25 118
47 60
36 4
39 28
20 11
40 119
97 26
45 5
3 93
60 98
107 48
86 96
87 2
24 11
2 25
53 47
85 69
71 26
20 16
92 71
99 108
35 71
48 77
114 85
28 115
2 67
5 19
106 33
73 98
77 3
109 53
75 76
108 8
60 113
52 91
74 86
41 105
47 62
60 63
23 15
74 17
60 103
42 115
100 17
50 99
5 90
105 39
101 108
61 110
102 113
47 50
24 99
7 25
15 30
39 37
102 118
109 92
17 33
30 101
1 90
67 45
56 100
41 106
22 36
106 7
111 30
100 115
30 12
118 38
43 55
113 42
42 44
70 37
0 39
45 35
63 29
2 93
89 62
103 43
45 53
32 110
57 39
62 51
27 31
96 26
77 106
87 53
85 107
10 60
115 113
44 26
20 40
31 11
108 3
29 93
100 75
44 59
35 48
66 96
13 101
61 109
99 104
31 97
21 99
56 63
33 3
116 14
1 116
59 9
73 100
12 65
30 35
111 66
108 15
28 68
12 110
18 58
107 56
23 36
82 25
6 107
42 51
57 28
90 86
1 48
103 44
88 87
31 117
80 105
29 45
78 44
95 93
96 106
83 3
13 79
50 69
68 119
38 14
58 81
19 66
92 47
52 57
2 102
22 9
51 94
79 90
103 55
2 63
86 1
25 66
13 21
70 4
99 14
29 88
106 26
80 32
65 43
84 43
81 55
98 108
73 66
23 109
41 34
107 34
34 44
95 30
94 92
87 31
20 4
53 102
15 103
110 37
112 17
47 29
104 71
86 62
80 45
102 1
80 62
38 10
51 19
14 28
49 44
26 35
91 37
118 77
96 24
98 72
41 48
63 47
86 28
47 82
78 42
10 34
46 49
27 84
28 31
72 85
63 59
13 40
19 42
49 92
71 68
62 55
2 55
4 37
4 23
83 32
115 73
62 117
107 3
110 14
37 31
55 96
43 37
114 29
12 74
116 73
52 67
118 19
3 31
115 103
96 9
39 89
86 73
82 114
72 103
61 54
112 22
66 74
119 38
12 82
54 2
77 15
46 13
17 56
8 63
47 30
11 74
50 98
7 112
50 111
84 117
78 6
37 44
72 62
70 44
28 2
32 95
51 14
21 1
19 90
104 41
47 77
33 86
105 68
62 11
96 61
105 34
34 93
73 53
118 55
29 8
77 29
46 81
56 42
78 77
52 105
98 80
83 119
16 91
46 118
46 59
107 37
110 22
70 74
7 77
85 92
55 30
39 72
104 54
5 24
29 72
7 41
105 89
16 55
31 4
87 52
31 52
19 119
0 6
68 84
0 20
81 73
16 82
17 38
47 28
90 69
38 22
28 35
82 33
101 32
83 59
64 85
81 103
3 1
92 89
3 79
14 26
67 97
117 11
111 45
55 69
22 62
40 80
99 16
104 81
83 11
30 9
108 109
27 0
56 32
79 63
46 90
64 36
109 95
31 68
7 50
80 102
21 100
44 92
9 41
65 69
101 115
111 67
101 73
5 10
58 87
60 4
29 66
34 48
75 42
23 81
68 88
40 25
99 79
76 15
15 106
100 74
67 117
48 36
80 7
105 81
98 57
4 40
9 82
25 24
85 62
23 32
32 66
9 56
14 100
79 97
90 56
85 6
71 43
21 86
82 43
65 97
64 68
3 18
112 1
7 4
88 38
94 107
34 73
114 3
110 105
110 59
12 107
0 73
102 75
82 62
54 66
50 16
102 11
5 35
23 58
44 7
35 83
63 90
24 89
45 66
108 110
14 3
16 11
58 85
6 117
96 100
46 0
57 10
75 72
14 102
110 65
55 98
64 61
48 98
61 80
25 30
41 77
11 59
8 101
45 63
53 13
85 10
118 29
110 27
16 61
75 74
54 29
110 91
5 102
12 11
65 62
104 59
58 111
112 2
92 97
63 39
30 90
8 110
26 66
33 98
12 22
56 76
18 65
51 55
21 68
42 18
88 18
106 102
49 93
109 110
8 34
20 107
90 101
15 72
113 109
57 38
67 31
51 84
7 70
86 118
115 5
27 107
75 20
17 39
62 97
119 8
108 29
97 37
47 103
116 36
78 45
88 59
98 105
107 39
78 34
118 113
70 69
113 31
77 10
76 79
75 103
103 107
52 68
49 47
23 110
96 36
79 82
115 71
43 56
79 11
107 53
14 64
116 24
86 83
113 69
49 66
38 45
38 49
36 114
69 112
38 115
107 90
60 29
112 86
51 21
101 12
91 100
60 36
112 51
84 15
27 43
91 20
103 19
80 96
84 28
42 10
97 98
93 30
87 105
75 119
22 48
69 5
28 42
100 67
104 20
72 67
111 28
109 82
69 110
114 2
26 98
66 102
6 56
23 68
25 90
114 75
101 21
75 27
99 94
6 93
97 41
64 107
101 47
104 89
88 50
67 92
107 91
40 45
108 42
80 2
103 61
39 38
30 82
40 77
44 1
118 112
69 64
70 98
40 89
32 53
92 6
21 55
107 66
43 51
96 104
38 72
34 55
99 73
65 74
22 99
61 73
54 96
43 17
7 75
109 84
91 23
28 102
7 79
96 23
60 93
90 102
94 69
27 30
5 75
65 83
84 114
41 70
41 5
49 22
119 89
20 118
93 71
116 58
53 80
47 55
100 92
26 90
84 93
115 91
0 100
102 116
59 119
5 20
6 109
65 41
77 4
74 32
26 51
51 67
2 90
84 67
83 56
67 27
37 53
98 92
34 88
3 106
17 10
39 21
46 3
15 59
82 54
91 12
118 104
83 49
94 95
78 98
76 97
61 78
107 30
15 58
23 111
74 97
110 113
58 56
105 23
112 46
76 25
54 113
102 112
49 112
56 21
64 119
39 8
111 1
19 57
87 65
9 79
105 31
95 115
70 82
78 82
93 63
97 89
56 117
88 70
99 76
39 18
107 54
33 99
97 34
93 35
67 50
77 104
6 21
21 42
50 0
46 113
31 65
71 41
11 90
96 68
28 52
52 86
100 51
111 6
63 35
97 119
61 62
98 77
111 40
0 81
116 94
30 2
28 72
14 55
23 60
105 79
19 12
9 36
9 46
77 91
0 2
83 78
13 10
0 32
71 106
118 99
86 72
89 51
61 81
49 98
28 65
28 119
50 78
40 23
87 81
63 15
36 47
83 22
77 55
34 23
68 67
41 17
119 32
49 23
45 86
85 31
111 104
41 18
64 110
41 12
19 100
51 44
100 89
89 33
27 53
74 104
63 13
106 54
103 89
43 13
30 6
52 19
33 54
45 24
70 13
74 85
102 46
117 109
106 70
41 82
43 48
13 49
39 58
29 84
118 59
73 43
20 9
48 0
69 60
102 50
79 19
6 11
116 84
11 3
63 96
