100
685
74 71
4 81
89 54
57 45
77 63
22 45
4 37
65 88
40 64
99 69
66 94
47 93
31 15
69 47
90 94
89 88
79 83
82 71
13 68
60 6
99 90
42 75
61 85
83 54
0 20
53 6
5 30
28 84
78 99
22 89
51 91
79 41
55 53
89 7
33 8
19 23
75 25
32 18
93 13
85 7
37 71
68 57
89 63
22 66
44 43
65 15
93 81
54 26
29 16
94 21
0 60
40 35
75 99
65 18
81 48
64 25
87 61
36 17
27 42
86 25
20 63
14 48
72 21
60 78
82 39
35 12
49 31
32 46
77 67
0 87
95 73
18 74
74 3
46 88
42 22
62 42
3 77
96 69
26 71
35 87
47 96
85 80
19 17
9 50
20 4
73 43
18 17
83 65
99 39
69 89
63 37
66 17
29 36
95 49
61 95
59 30
66 43
4 18
87 44
49 52
54 20
14 80
60 36
92 52
43 11
54 5
86 66
68 55
38 53
1 97
28 95
97 69
52 51
13 6
12 39
77 15
86 72
35 86
72 49
52 35
95 89
97 63
43 74
44 60
87 55
42 28
19 30
6 29
76 98
64 41
80 61
59 93
5 95
75 49
86 36
10 97
40 80
44 17
72 89
6 97
93 4
83 80
25 17
20 96
29 0
87 38
78 8
21 37
58 38
19 60
8 73
9 80
93 21
14 57
37 5
66 91
41 70
47 77
18 46
92 94
59 53
9 2
36 5
53 97
12 57
28 99
40 89
86 46
78 37
84 40
0 62
59 50
62 4
46 2
13 56
58 11
53 40
51 32
49 59
0 35
93 83
65 67
71 89
64 11
63 33
72 18
5 12
24 93
55 24
50 78
1 87
28 76
74 68
0 49
37 67
65 32
91 92
53 91
15 59
79 95
22 53
42 65
71 65
12 53
9 49
2 43
50 73
40 62
42 97
57 46
11 96
62 22
90 52
6 14
64 7
93 73
69 32
9 5
54 63
68 84
73 31
72 82
21 63
73 78
74 6
68 8
53 0
95 23
59 83
68 67
87 27
82 57
21 12
79 53
79 54
41 46
39 87
61 13
9 79
15 70
88 70
33 99
67 14
29 1
87 72
55 69
40 57
93 14
43 86
42 41
30 17
37 62
73 46
62 88
90 23
55 2
34 17
23 70
43 81
6 37
91 16
49 2
80 46
28 16
38 83
47 88
45 68
50 24
60 48
78 27
34 91
34 35
38 41
11 70
30 33
18 61
22 31
90 50
49 86
53 78
86 34
80 20
45 5
55 11
30 76
71 22
94 41
98 1
17 40
8 88
45 92
47 39
88 92
3 19
72 27
24 91
43 48
28 19
89 39
25 48
74 16
25 11
15 68
11 23
80 38
64 88
36 45
4 27
60 95
59 17
65 14
30 34
82 98
87 90
53 10
75 55
57 81
98 67
80 29
83 89
47 4
45 32
84 74
24 69
95 17
21 54
88 91
10 90
86 73
62 26
52 78
27 9
74 66
2 61
23 24
57 35
38 66
13 47
78 79
42 63
41 22
69 42
22 55
78 75
12 97
44 35
81 8
36 76
44 92
92 76
49 26
67 27
50 22
91 71
67 7
85 5
53 7
73 62
43 90
1 19
82 79
61 10
9 99
98 93
73 12
8 80
47 91
79 48
63 27
32 36
55 44
20 14
43 57
79 84
31 29
22 7
63 0
23 26
40 52
34 37
65 54
82 5
87 20
59 77
36 25
79 3
8 69
84 39
62 69
0 8
65 76
56 91
25 6
80 50
15 87
5 25
58 18
15 81
65 55
37 92
55 6
45 9
65 80
73 97
16 36
69 94
36 30
5 81
36 91
45 51
32 23
77 16
78 85
99 74
29 97
71 29
44 31
86 3
36 63
85 73
86 91
31 41
88 63
33 94
86 20
95 58
2 1
38 88
24 86
69 53
11 85
59 21
91 74
23 36
47 59
81 9
73 99
63 90
79 66
98 7
90 13
58 91
32 70
15 88
99 72
25 74
59 86
13 42
77 13
86 11
51 63
51 29
19 29
44 32
83 51
77 83
56 27
12 68
89 94
84 44
36 68
49 28
2 82
67 76
83 72
6 0
99 48
43 5
28 13
99 0
65 52
78 81
23 49
91 62
60 23
65 37
64 28
46 61
27 12
19 52
0 39
88 18
72 48
83 45
4 70
67 60
67 99
38 18
57 18
62 78
59 42
34 3
4 2
21 25
34 58
39 27
2 98
22 20
69 44
37 38
31 17
1 84
17 21
58 66
71 34
69 79
26 41
28 66
92 77
15 12
72 35
76 11
55 63
93 45
49 44
3 92
49 87
16 45
83 68
88 24
35 25
55 80
52 71
72 30
46 23
15 48
0 13
95 7
63 70
47 70
57 44
12 4
31 77
71 58
80 2
34 15
3 93
28 47
8 17
65 44
44 94
99 50
42 23
76 71
76 74
25 27
82 40
41 15
35 90
42 20
40 6
94 20
69 98
24 46
65 70
27 83
19 86
37 80
33 57
28 12
39 28
9 88
84 60
36 12
95 22
19 64
22 63
73 36
52 93
39 66
15 14
56 31
9 51
31 13
30 14
76 15
59 12
65 94
50 95
79 90
4 61
89 5
55 13
77 14
74 79
88 84
61 59
57 67
63 84
29 76
34 8
63 10
36 87
19 88
33 26
32 39
94 63
88 52
44 91
13 17
54 47
90 11
0 1
65 21
9 31
34 88
77 29
14 50
5 46
3 85
12 20
32 94
44 37
87 45
92 47
29 86
58 4
32 3
9 33
77 8
48 3
56 47
67 22
33 4
80 63
48 65
93 2
86 21
86 4
0 94
64 23
32 38
89 62
22 32
24 94
69 58
97 72
14 95
39 9
15 91
24 1
57 23
99 81
29 24
79 65
13 9
31 92
7 34
83 81
46 68
31 1
92 57
35 20
18 3
8 60
8 12
25 91
84 90
33 2
43 16
27 73
55 71
97 8
1 20
83 37
86 71
86 92
79 76
11 34
31 21
98 35
40 86
67 97
68 21
54 92
67 82
5 68
57 34
61 83
28 94
58 40
22 84
3 64
78 48
87 93
