138
986
137 117
134 118
90 73
111 119
28 137
32 77
107 134
73 134
137 44
129 19
17 87
6 35
73 35
137 80
9 94
133 84
82 134
53 63
134 98
17 137
115 98
53 119
54 122
17 79
19 16
73 91
132 127
20 73
17 129
94 28
137 71
63 71
60 33
73 15
134 6
35 58
94 103
135 25
125 57
88 18
73 6
17 34
98 50
49 95
32 15
40 126
78 27
134 88
39 17
104 17
119 94
98 77
137 82
71 84
17 82
50 94
84 135
58 73
134 73
73 88
94 121
129 137
137 15
61 39
71 109
17 73
90 6
67 137
94 99
137 20
73 71
91 122
73 16
95 49
76 56
78 94
82 62
35 90
117 35
59 116
25 135
27 35
105 71
44 60
21 53
44 63
98 6
32 94
100 72
83 71
80 134
35 78
6 117
121 24
17 113
31 56
35 65
75 50
90 135
132 108
18 17
107 94
73 19
44 1
79 35
35 70
137 98
68 29
63 61
84 17
64 134
35 137
125 84
105 115
4 35
46 83
137 52
134 77
92 96
15 73
17 8
137 133
94 114
82 8
17 52
37 71
71 69
17 74
90 134
17 45
77 88
71 17
17 94
89 63
133 137
35 126
17 120
44 137
121 71
14 17
137 63
94 17
96 114
107 73
17 113
53 137
73 29
98 6
117 84
74 73
17 117
63 44
92 96
37 94
84 71
133 84
75 50
99 17
71 35
98 90
76 94
96 94
76 66
78 94
18 137
88 107
94 92
75 35
24 71
17 122
19 67
73 20
3 17
17 102
94 97
71 101
45 137
126 17
35 80
135 114
99 75
115 17
122 77
134 82
77 98
115 132
135 84
17 22
94 109
59 134
99 71
135 115
99 35
80 17
17 49
12 35
31 56
137 77
35 0
137 52
4 35
32 88
132 130
73 45
56 69
17 73
77 17
135 107
101 71
134 137
43 73
102 35
88 82
29 71
57 84
36 94
54 17
29 94
84 88
100 71
12 102
45 129
76 100
108 136
72 69
12 102
45 73
73 13
99 32
13 73
77 137
108 71
88 82
11 103
63 34
77 16
67 73
71 36
80 90
63 61
17 35
17 79
99 53
137 6
35 124
23 115
71 94
131 7
92 94
94 25
47 35
115 90
19 91
58 135
17 28
17 43
60 44
17 30
72 76
34 63
91 19
83 71
115 23
35 17
135 6
35 71
57 88
19 35
99 50
99 33
17 78
134 94
100 71
18 17
60 11
46 83
69 94
123 94
51 35
94 64
115 73
135 35
35 20
17 27
114 96
45 19
78 71
127 115
73 2
58 17
73 91
119 63
60 94
71 137
135 92
80 17
108 115
81 94
107 88
137 63
73 118
115 94
93 94
115 94
40 126
107 17
63 17
17 8
11 94
126 73
48 136
32 137
17 45
89 17
107 71
73 129
134 59
71 92
94 98
17 19
135 5
82 17
94 32
98 75
35 80
75 99
29 19
71 119
71 105
117 125
135 8
131 7
111 115
29 68
69 76
121 71
84 134
17 5
94 108
20 67
88 17
10 35
84 117
121 42
19 134
115 35
63 119
60 93
68 85
71 94
137 73
115 127
18 137
128 134
6 17
116 59
51 105
17 126
38 17
17 71
71 55
73 59
94 137
35 32
17 52
64 94
54 17
6 90
136 48
21 94
35 135
97 123
132 48
129 19
31 71
35 70
73 129
73 16
73 122
27 35
63 25
67 19
31 69
118 73
17 10
35 94
35 76
114 35
94 44
134 90
130 71
91 20
5 44
35 136
71 108
32 71
50 35
2 73
137 80
28 73
92 114
60 103
115 6
35 25
17 62
17 88
71 76
28 134
17 84
114 92
84 88
28 19
26 29
119 53
132 127
117 35
73 126
71 78
134 118
24 94
35 5
77 13
27 17
29 26
105 94
135 18
44 135
94 33
17 39
114 135
94 107
16 19
83 101
77 91
90 80
135 92
115 51
80 115
99 109
94 37
137 111
135 98
117 6
137 8
19 73
132 41
107 105
71 23
135 94
28 137
126 35
80 6
92 71
69 71
121 42
20 43
108 132
76 31
73 80
62 82
94 28
103 11
10 73
89 34
130 71
63 32
135 137
20 77
135 73
71 32
106 17
137 17
132 71
15 35
44 114
59 73
72 31
53 56
72 71
115 73
72 69
134 6
67 45
35 82
35 134
135 94
135 134
81 44
63 89
20 67
20 5
71 111
136 115
137 57
134 17
10 17
115 80
99 53
80 98
94 36
134 8
58 82
98 137
137 58
58 134
137 32
135 98
17 86
18 88
116 134
137 134
92 35
35 132
73 77
44 73
35 90
17 90
54 91
74 73
66 53
56 100
17 44
72 31
22 17
17 95
115 130
17 67
73 90
134 135
89 34
21 71
17 98
35 98
56 72
77 13
88 135
48 115
17 40
137 107
17 34
109 99
76 115
137 82
76 53
10 73
100 72
24 71
35 44
50 17
50 98
73 67
115 134
35 107
43 20
135 44
137 125
136 35
17 90
17 25
28 126
73 35
60 99
135 19
19 35
6 137
99 93
9 94
19 15
69 53
94 19
35 12
99 98
75 94
11 94
18 77
102 17
17 89
77 16
15 32
46 71
15 17
107 105
35 94
119 32
129 67
44 114
73 32
16 134
84 73
20 17
88 57
58 73
17 28
135 90
32 119
99 33
35 84
36 35
35 5
15 19
6 73
17 7
73 116
35 36
17 112
94 50
40 17
94 96
32 77
82 73
69 115
17 3
137 15
8 82
64 134
135 82
35 84
71 55
35 115
122 91
84 107
126 137
94 46
98 35
35 132
69 100
100 31
132 115
115 71
94 137
105 132
53 69
63 71
36 76
117 17
44 81
32 88
88 71
137 19
15 17
13 134
115 136
17 87
122 77
135 137
104 17
35 114
116 134
63 17
52 133
76 94
126 28
53 32
35 50
90 137
76 100
18 77
56 76
77 17
130 48
94 123
88 125
71 88
100 56
17 38
17 14
108 136
29 73
29 94
17 25
63 53
64 73
63 135
88 137
98 75
82 135
135 77
35 20
66 76
84 52
94 105
134 94
135 63
94 75
114 94
121 94
135 5
115 137
88 134
94 46
82 35
17 43
93 33
99 60
35 63
80 98
17 131
12 17
88 73
75 17
17 12
119 71
115 105
32 53
68 85
71 109
35 10
44 126
19 17
94 97
35 76
35 92
84 52
57 84
33 93
134 98
99 50
9 97
134 115
63 25
99 98
69 94
63 94
135 19
18 135
45 129
54 122
57 137
58 134
19 77
35 88
82 73
88 135
66 71
80 135
71 37
35 51
35 32
73 84
84 125
71 56
129 137
115 98
53 21
135 17
105 51
80 6
135 107
17 135
17 122
81 60
20 17
88 125
125 117
88 137
135 77
35 105
115 71
73 104
71 66
135 20
90 137
18 73
99 35
73 77
44 5
71 110
52 117
135 6
8 135
65 35
48 115
128 134
41 132
103 60
115 76
84 137
76 69
61 39
98 73
71 73
71 36
35 58
32 19
17 75
17 5
67 137
100 31
69 31
44 35
134 8
73 44
134 35
57 125
130 48
35 0
35 25
53 66
98 90
6 115
53 137
19 20
35 63
58 17
93 60
102 35
67 17
115 111
137 46
135 58
32 19
119 137
88 77
17 44
107 71
19 28
20 91
98 73
20 137
44 126
5 73
110 132
108 115
17 131
73 28
133 52
71 31
17 78
27 71
17 95
63 39
88 8
27 71
17 120
35 6
137 126
61 17
84 134
9 97
134 77
116 73
81 94
88 35
69 100
36 115
17 49
137 46
17 32
94 21
71 132
16 134
129 67
134 28
137 117
60 81
94 53
137 115
19 29
94 109
8 88
94 63
19 134
119 94
135 73
105 35
23 71
91 77
137 107
71 99
64 73
83 101
35 75
8 137
33 60
132 130
129 17
17 30
5 73
94 60
63 39
98 94
94 44
94 53
35 107
20 135
33 94
71 110
77 20
35 79
84 107
31 76
71 72
115 135
78 27
53 71
18 73
35 137
71 48
54 91
132 48
20 5
69 115
73 104
115 17
137 45
17 50
56 71
32 63
106 17
13 134
56 53
112 17
46 71
94 25
80 73
58 137
71 48
72 76
134 80
91 17
99 32
97 123
73 122
71 29
76 71
17 99
29 28
98 17
107 134
78 35
94 19
99 94
36 76
137 84
29 28
80 135
86 17
53 71
105 132
35 47
7 17
58 82
17 134
124 35
32 73
44 1
45 67
52 117
74 17
121 24
137 111
132 110
115 130
93 94
103 94
108 94
17 107
19 77
94 24
94 73
62 17
19 137
91 17
69 56
21 71
32 17
115 90
71 111
20 19
36 115
137 73
51 115
45 19
61 17
119 137
76 53
137 125
72 56
93 99
17 6
107 73
73 43
111 119
94 73
15 35
60 11
