1
1 3
1 4 5
1 4 7 8
1 4 6 14 15
1 4 6 14 17 29
1 4 5 15 18 27 34
1 3 6 10 24 26 39 41
1 3 8 9 14 32 36 51 53 
1 3 8 9 14 32 36 51 53 63 
1 3 8 9 14 32 36 51 53 63 129 
1 3 8 9 14 32 36 51 53 63 129 148 
1 3 8 9 14 32 36 51 53 63 129 148 164 
1 3 8 9 14 32 36 51 53 63 129 148 164 199 
1 3 8 9 14 32 36 51 53 63 129 148 164 199 234 
1 3 8 9 14 32 36 51 53 63 129 148 164 199 234 248 
1 3 8 9 14 32 36 51 53 63 129 148 164 199 234 248 262 
1 3 8 9 14 32 36 51 53 63 129 148 164 199 234 248 262 302 
1 3 8 9 14 32 36 51 53 63 129 148 164 199 234 248 262 302 352 
1 3 8 9 14 32 36 51 53 63 129 148 164 199 234 248 262 302 352 420 
1 3 8 9 14 32 36 51 53 63 129 148 164 199 234 248 262 302 352 420 507 
1 3 8 9 14 32 36 51 53 63 129 148 164 199 234 248 262 302 352 420 507 574 
1 3 8 9 14 32 36 51 53 63 129 148 164 199 234 248 262 302 352 420 507 574 629 
1 3 8 9 14 32 36 51 53 63 129 148 164 199 234 248 262 302 352 420 507 574 629 666 
1 3 8 9 14 32 36 51 53 63 129 148 164 199 234 248 262 302 352 420 507 574 629 666 743 
1 3 8 9 14 32 36 51 53 63 129 148 164 199 234 248 262 302 352 420 507 574 629 666 743 843 
1 3 8 9 14 32 36 51 53 63 129 148 164 199 234 248 262 302 352 420 507 574 629 666 743 843 946 
1 3 8 9 14 32 36 51 53 63 129 148 164 199 234 248 262 302 352 420 507 574 629 666 743 843 946 1001 
1 3 8 9 14 32 36 51 53 63 129 148 164 199 234 248 262 302 352 420 507 574 629 666 743 843 946 1001 1120 
1 3 8 9 14 32 36 51 53 63 129 148 164 199 234 248 262 302 352 420 507 574 629 666 743 843 946 1001 1120 1221
