1
1 3
1 4 5
1 4 7 8
1 4 6 14 15
1 4 6 14 17 29
1 4 5 15 18 27 34
1 3 6 10 24 26 39 41
1 3 8 9 14 32 36 51 53 
1 3 8 10 14 30 31 56 68 101 
1 3 5 6 15 26 39 57 74 81 85
1 3 8 12 18 27 30 43 50 71 134 155 
1 4 6 15 23 26 33 39 57 100 121 168 180 
1 3 8 12 18 27 30 43 50 71 134 155 218 239 
1 3 8 12 22 28 46 59 69 99 131 143 179 201 255 
1 3 8 12 18 27 30 43 50 71 134 155 218 232 281 344 
1 3 7 9 20 25 35 65 75 80 100 163 186 207 209 210 223 
1 3 8 12 18 27 30 43 50 71 134 155 197 211 260 323 386 449 
1 3 8 10 11 31 35 48 74 90 134 160 175 227 256 289 366 388 398 
1 3 8 12 18 27 30 43 50 71 134 155 197 211 260 323 386 449 512 575 
1 3 7 10 15 26 32 59 79 100 124 142 160 208 262 296 333 346 369 459 464 
1 4 6 14 15 21 33 59 75 115 126 154 191 212 261 315 346 377 379 524 613 662 
1 3 8 10 11 31 35 48 74 90 134 160 175 227 256 289 366 398 404 410 575 581 692 
1 4 6 15 22 27 35 52 71 95 99 153 181 203 236 277 339 410 448 529 567 664 694 803  
1 3 8 12 19 20 25 46 56 96 124 153 168 215 254 313 343 398 458 523 584 626 684 799 842
1 4 6 15 22 25 37 45 71 91 118 131 186 218 229 293 355 397 425 432 595 677 735 767 870 998 
1 3 7 9 12 22 36 62 80 97 129 154 201 232 266 308 347 392 475 521 585 608 757 798 880 979 1098 
1 3 8 10 11 31 35 48 74 90 134 160 175 227 256 324 373 422 433 527 583 636 645 788 906 983 1086 1185 
1 4 6 15 23 25 41 53 85 92 112 148 172 205 266 323 333 388 419 520 553 582 709 749 866 922 1059 1175 1268 
1 4 6 15 23 25 41 53 85 92 112 148 175 206 274 288 338 393 404 425 560 638 724 792 865 948 1099 1141 1241 1343 
